0 0.666992 0.790039 0.052734 0.052734
1 0.789062 0.924805 0.058594 0.058594
2 0.235352 0.727539 0.054688 0.054688
3 0.396484 0.910156 0.057617 0.057617
0 0.895508 0.295898 0.054688 0.054688
1 0.604492 0.581055 0.052734 0.052734
2 0.801758 0.250977 0.060547 0.060547
3 0.598633 0.417969 0.061523 0.061523
0 0.125977 0.627930 0.050781 0.050781
1 0.494141 0.485352 0.050781 0.050781
2 0.957031 0.830078 0.051758 0.051758
3 0.957031 0.926758 0.061523 0.061523
0 0.687500 0.686523 0.047852 0.047852
1 0.707031 0.856445 0.058594 0.058594
2 0.252930 0.087891 0.047852 0.047852
3 0.897461 0.500000 0.056641 0.056641
0 0.369141 0.529297 0.049805 0.049805
1 0.237305 0.838867 0.047852 0.047852
2 0.234375 0.500977 0.047852 0.047852
3 0.205078 0.605469 0.061523 0.061523
0 0.560547 0.301758 0.057617 0.057617
1 0.405273 0.615234 0.054688 0.054688
2 0.677734 0.525391 0.052734 0.052734
3 0.109375 0.476562 0.051758 0.051758
0 0.303711 0.281250 0.055664 0.055664
1 0.513672 0.792969 0.053711 0.053711
2 0.161133 0.715820 0.059570 0.059570
3 0.914062 0.030273 0.061523 0.061523
0 0.848633 0.662109 0.053711 0.053711
1 0.264648 0.420898 0.047852 0.047852
2 0.819336 0.531250 0.060547 0.060547
3 0.091797 0.076172 0.062500 0.062500
0 0.704102 0.940430 0.060547 0.060547
1 0.719727 0.366211 0.052734 0.052734
2 0.847656 0.788086 0.050781 0.050781
3 0.938477 0.676758 0.046875 0.046875
0 0.529297 0.927734 0.049805 0.049805
1 0.923828 0.365234 0.050781 0.050781
2 0.294922 0.934570 0.049805 0.049805
3 0.782227 0.137695 0.051758 0.051758
0 0.245117 0.188477 0.055664 0.055664
1 0.407227 0.219727 0.051758 0.051758
2 0.345703 0.737305 0.051758 0.051758
3 0.612305 0.491211 0.055664 0.055664
0 0.867188 0.901367 0.061523 0.061523
1 0.351562 0.081055 0.055664 0.055664
2 0.046875 0.674805 0.057617 0.057617
3 0.203125 0.309570 0.057617 0.057617
0 0.505859 0.054688 0.050781 0.050781
1 0.924805 0.223633 0.051758 0.051758
2 0.480469 0.624023 0.060547 0.060547
3 0.432617 0.117188 0.062500 0.062500
0 0.439453 0.706055 0.057617 0.057617
1 0.744141 0.598633 0.046875 0.046875
2 0.091797 0.248047 0.056641 0.056641
3 0.899414 0.105469 0.058594 0.058594
0 0.722656 0.065430 0.047852 0.047852
1 0.058594 0.346680 0.052734 0.052734
2 0.416992 0.385742 0.058594 0.058594
3 0.386719 0.294922 0.059570 0.059570
0 0.304688 0.856445 0.055664 0.055664
1 0.770508 0.719727 0.062500 0.062500
2 0.624023 0.309570 0.047852 0.047852
3 0.186523 0.103516 0.060547 0.060547
0 0.373047 0.451172 0.054688 0.054688
1 0.809570 0.341797 0.052734 0.052734
2 0.549805 0.181641 0.051758 0.051758
3 0.138672 0.179688 0.058594 0.058594
0 0.570312 0.061523 0.055664 0.055664
1 0.638672 0.894531 0.055664 0.055664
2 0.609375 0.662109 0.050781 0.050781
3 0.333984 0.178711 0.055664 0.055664
0 0.147461 0.796875 0.059570 0.059570
1 0.194336 0.388672 0.055664 0.055664
2 0.132812 0.883789 0.052734 0.052734
3 0.697266 0.295898 0.059570 0.059570
0 0.965820 0.515625 0.052734 0.052734
1 0.297852 0.504883 0.046875 0.046875
2 0.323242 0.673828 0.056641 0.056641
3 0.042969 0.166992 0.062500 0.062500
0 0.116211 0.946289 0.049805 0.049805
1 0.892578 0.578125 0.048828 0.048828
2 0.339844 0.602539 0.051758 0.051758
3 0.463867 0.904297 0.050781 0.050781
0 0.773438 0.853516 0.046875 0.046875
1 0.808594 0.425781 0.048828 0.048828
2 0.715820 0.204102 0.051758 0.051758
3 0.505859 0.714844 0.050781 0.050781
0 0.480469 0.396484 0.051758 0.051758
1 0.646484 0.212891 0.046875 0.046875
2 0.044922 0.849609 0.057617 0.057617
3 0.602539 0.777344 0.057617 0.057617
0 0.483398 0.195312 0.057617 0.057617
1 0.338867 0.388672 0.052734 0.052734
2 0.646484 0.033203 0.050781 0.050781
3 0.742188 0.438477 0.047852 0.047852
0 0.100586 0.559570 0.053711 0.053711
1 0.440430 0.048828 0.058594 0.058594
2 0.963867 0.601562 0.047852 0.047852
3 0.056641 0.765625 0.057617 0.057617
